20
000000000000000000000000000000
000000004000000004000000000000
000000040000000400000000000000
000000040000004000000000000000
000000000000004000000000000000
000000000000040000000000000000
000000000004000000000000000000
000000000000000000000000000000
000000000000000000000000000000
000000000000000000000000000000
000000000000000000000000000000
000000000004000000000000000000
000000000000400000000000000000
000000000000004000000000000000
000000000000004000000000000000
000000000000000400000000000000
000000000000000400000000000000
000000000000000400000000000000
000000000000000400000000000000
000000000000000400000000000000
1
border-left.png