20
000000200000000000000000000000
000002000020000000002000000000
000200000020000000000020000000
000200002000000000000020000000
000200000000000000000200000000
000200000000000000002000000000
000002000000000000020000000000
000000000000000000200000000000
000000000000000000200000000000
000000000000000000200000000000
000000000000000000000200000000
000002000000000000000002000000
000200000000000000000002000000
020000000000000000000002000000
000000000000000000000000000000
000000000000000000000000000000
000000000000000000000000000000
000000000000000000000000000000
000000000000000000000000000000
000000000000000000000000000000
1
border-right.png