20
000000300000000000000000000000
000033000000000000000000000000
000000000330000000000000000000
000000033000000000000030000000
000000000000000000000300000000
000000000000000000003000000000
000000000000000000030000000000
000000000000000000000000000000
000000000000000000000000000000
000000000000000000000000000000
000000333330000000000000000000
000033000003000000000000000000
003300000000330000000000000000
330000000000000000000000000000
000000000000003000000000000000
000000000000000000000000000000
000000000000000000000000000000
000000000000000000000000000000
000000000000000000000000000000
000000000000000000000000000000
1
border-bottom.png